23.404312 23.52941176
20.207926 17.85714286
17.628263 30.0
14.721112 9.090909091
31.272734 36.36363636
14.874688 17.24137931
25.701935 16.66666667
25.689661 19.44444444
23.773666 23.33333333
19.300373 6.25
27.159092 33.33333333
39.107742 50.0
69.57169 25.0
36.099472 40.0
22.72805 21.05263158
16.171955 24.13793103
21.404972 22.22222222
26.123072 12.5
40.511414 40.0
21.005245 22.22222222
9.613294 12.5
28.562023 40.0
43.643414 28.57142857
52.78346 50.0
19.822968 20.0
37.371 40.0
29.926594 33.33333333
51.606316 25.0
32.357525 28.57142857
16.66381 25.0
24.854885 5.555555556
31.33757 17.39130435
25.979351 50.0
22.349503 50.0
38.645767 57.14285714
19.47678 11.11111111
47.944164 60.0
35.78866 0.0
39.03785 25.0
20.451874 28.0
28.856632 33.33333333
12.96454 5.555555556
43.58994 33.33333333
12.138294 11.53846154
7.851519 9.375
36.05975 30.0
29.500446 33.33333333
14.706012 19.44444444
20.27279 20.0
37.76841 33.33333333
39.338913 50.0
43.390152 17.64705882
51.054893 37.5
30.131134 28.0
16.010027 11.11111111
37.95097 16.66666667
23.4296 20.83333333
45.51609 50.0
23.766075 20.0
13.180551 25.71428571
33.141987 26.31578947
32.06944 31.03448276
15.441713 17.64705882
42.69214 16.66666667
46.03501 0.0
47.947697 60.0
10.061397 7.142857143
27.500576 29.41176471
28.542606 41.66666667
12.6998005 15.0
51.298435 33.33333333
50.056393 14.28571429
17.993752 23.07692308
30.333733 17.64705882
23.63136 20.0
20.918396 24.32432432
19.846046 25.0
25.46552 35.71428571
50.808308 33.33333333
15.66413 10.52631579
24.642899 21.05263158
20.125336 20.83333333
21.783485 13.79310345
34.256287 20.0
15.070287 15.625
23.157032 18.75
48.10397 50.0
26.377314 31.25
44.07914 50.0
47.095795 42.85714286
47.03991 50.0
55.579758 16.66666667
36.255093 28.57142857
16.243984 16.66666667
55.687714 50.0
25.00539 28.57142857
25.886635 26.66666667
43.448673 42.85714286
17.314632 14.70588235
42.0438 16.66666667
33.65447 100.0
22.016008 40.0
24.653534 25.0
18.759367 30.0
30.210835 18.75
20.631199 21.42857143
23.09461 22.22222222
13.056812 17.14285714
37.248245 20.0
19.228737 29.41176471
34.485027 27.27272727
42.75874 50.0
16.515368 15.15151515
50.755787 66.66666667
32.195297 33.33333333
45.716522 14.28571429
21.638447 21.875
46.967587 33.33333333
61.19316 100.0
33.18306 15.0
18.799019 33.33333333
30.17015 21.875
47.319286 50.0
30.4934 23.07692308
45.609863 22.85714286
18.17338 22.58064516
24.040394 20.0
40.562073 25.0
24.05857 33.33333333
50.405178 20.0
32.9494 33.33333333
28.695625 22.22222222
41.072475 28.57142857
49.5205 25.0
34.237473 33.33333333
25.009975 12.5
43.622566 60.0
59.16302 50.0
66.22524 100.0
24.772083 18.91891892
34.06057 37.5
22.810602 29.41176471
33.486465 53.33333333
51.52319 100.0
20.641912 18.18181818
36.68564 27.27272727
20.119972 20.0
68.96555 50.0
64.71394 100.0
50.57586 50.0
39.312283 33.33333333
47.087753 50.0
18.950796 18.75
21.031868 14.70588235
17.230183 21.21212121
20.777622 18.18181818
23.6722 13.04347826
21.859009 24.0
56.30655 50.0
40.399876 22.22222222
28.634943 11.76470588
17.981009 14.81481481
37.658813 21.62162162
20.800888 39.28571429
14.729013 18.91891892
31.338223 28.57142857
30.370007 16.66666667
17.155619 13.88888889
26.49049 21.21212121
41.74272 33.33333333
45.880737 25.0
17.858837 36.36363636
33.12503 0.0
16.430702 15.38461538
15.991201 11.11111111
20.154488 18.18181818
39.323776 18.75
15.823329 9.302325581
39.18139 30.76923077
43.184956 75.0
23.10773 25.0
17.233103 11.42857143
19.979588 30.0
24.806534 15.0
28.465637 100.0
17.175777 18.42105263
17.9656 18.51851852
25.174011 35.71428571
29.860575 41.66666667
33.880516 25.0
25.353691 17.64705882
27.605537 30.76923077
7.290031 12.5
35.763206 14.28571429
14.120018 13.04347826
15.004887 21.21212121
52.92404 50.0
47605.05102070391
MSE (sklearn): 241.650005
MSE (tensorflow): 241.650009
