1
[363.89665577327656]
1
[344.8834097811083]
1
[290.1402296223208]
1
[256.13317262291025]
1
[259.4729762524716]
1
[257.514914758369]
1
[284.2683748171502]
1
[243.80960383017344]
1
[257.34422659924064]
1
[253.52656214296005]
1
[251.35663906280976]
1
[231.19575394826256]
1
[251.74032329121403]
1
[250.10187014590707]
1
[239.74197489003993]
1
[230.67599865796635]
1
[242.4210455673921]
1
[263.17179346040217]
1
[244.20108666089524]
1
[268.12631192242156]
1
[241.422809384661]
1
[230.47943773579658]
1
[219.13863004221443]
1
[235.8534026393068]
1
[234.60691128343922]
1
[224.36375474355157]
1
[236.2168696681347]
1
[245.68169761285787]
1
[246.3912587707372]
1
[223.30353386186079]
1
[237.96337078388692]
1
[230.61721551130537]
1
[241.73203529815598]
1
[242.79668190512388]
1
[219.78918427844079]
1
[238.310745414672]
1
[247.18672692504467]
1
[234.96787961541588]
1
[248.88222098693603]
1
[233.27163336388318]
1
[237.7242598667382]
1
[228.41192084003285]
1
[243.54782853387107]
1
[223.4252494401943]
1
[219.31295278389706]
1
[228.64367311936084]
1
[227.4541399637701]
1
[235.71920595692683]
1
[250.01860481032028]
1
[206.23146702673003]
1
[240.05206985289536]
1
[234.8616780485221]
1
[238.40212001515087]
1
[243.61618082710373]
1
[251.57668445294925]
1
[225.78754987061401]
1
[255.98562299051457]
1
[238.94618847661062]
1
[219.99953325795553]
1
[253.97471268241438]
1
[267.49680489711466]
1
[239.07969491236142]
1
[243.3161837629943]
1
[214.96378267484636]
1
[247.06815204706587]
1
[225.66536925463782]
1
[235.43442269235032]
1
[229.27849941058452]
1
[241.63986682180604]
1
[229.20420037734203]
1
[233.3155639437458]
1
[234.46028709034653]
1
[238.19437821792886]
1
[234.62463185604923]
1
[227.64322055922176]
1
[218.8290944855302]
1
[232.4172485475153]
1
[256.0544821636533]
1
[230.90553602277112]
1
[233.7008729128619]
1
[227.9159261238109]
1
[239.72187583350137]
1
[248.99439669268028]
1
[242.27313694033418]
1
[210.7048246462924]
1
[230.6448039800216]
1
[227.5357188298519]
1
[257.34699550528865]
1
[238.94355195477533]
1
[232.34769184480686]
1
[245.06216350097148]
1
[238.8438102640948]
1
[226.4351162880975]
1
[226.82967800974896]
1
[223.26137210972388]
1
[236.12799330306916]
1
[231.25599054839086]
1
[231.92469277883615]
1
[246.7548397903075]
1
[233.57301659115228]
1
[229.94262304236133]
1
[242.28499685413632]
1
[231.42582015536314]
1
[239.77342926712987]
1
[219.15049159508837]
1
[237.760487555994]
1
[230.1682965036963]
1
[229.70665280449612]
1
[233.955823768621]
1
[245.58929079192637]
1
[236.43357486943285]
1
[231.0068835663383]
1
[223.23848976342674]
1
[213.95258579903637]
1
[234.59886584223918]
1
[255.30717539250767]
1
[232.50745710983094]
1
[223.48487545903444]
1
[232.4051114505395]
1
[245.1376523490444]
1
[259.243537882844]
1
[242.4162080579635]
1
[243.53675831662318]
1
[224.98907979607188]
1
[226.99608121468214]
1
[235.81276145421532]
1
[224.8583913841597]
1
[248.77228367534636]
1
[219.97053960173204]
